<?xml version="1.0"?>
<opencv_storage>
<calibration_Time>"04/22/14 15:21:07"</calibration_Time>
<nrOfFrames>10</nrOfFrames>
<image_Width>1280</image_Width>
<image_Height>720</image_Height>
<board_Width>9</board_Width>
<board_Height>6</board_Height>
<square_Size>2.4260000228881836e+001</square_Size>
<FixAspectRatio>1.</FixAspectRatio>
<!-- flags:  +fix_aspectRatio -->
<flagValue>2</flagValue>
<Camera_Matrix type_id="opencv-matrix">
  <rows>3</rows>
  <cols>3</cols>
  <dt>d</dt>
  <data>
    8.1973467048432383e+002 0. 6.6886654679984645e+002 0.
    8.1973467048432383e+002 3.5445733651577228e+002 0. 0. 1.</data></Camera_Matrix>
<Distortion_Coefficients type_id="opencv-matrix">
  <rows>5</rows>
  <cols>1</cols>
  <dt>d</dt>
  <data>
    -1.9258681881137347e-002 -1.2873198637428293e-001
    4.9787467529334786e-004 1.2818629886546678e-002
    6.6883903713710835e-002</data></Distortion_Coefficients>
<Avg_Reprojection_Error>9.8126107867103352e-001</Avg_Reprojection_Error>
<Per_View_Reprojection_Errors type_id="opencv-matrix">
  <rows>10</rows>
  <cols>1</cols>
  <dt>f</dt>
  <data>
    5.48088670e-001 5.16280055e-001 5.82058549e-001 1.28208852e+000
    8.09753954e-001 1.40676403e+000 8.30296636e-001 5.17589927e-001
    9.82501805e-001 1.58806658e+000</data></Per_View_Reprojection_Errors>
<!-- a set of 6-tuples (rotation vector + translation vector) for each view -->
<Extrinsic_Parameters type_id="opencv-matrix">
  <rows>10</rows>
  <cols>6</cols>
  <dt>d</dt>
  <data>
    -3.8411047783732194e-002 1.6332446557882363e-001
    4.7457189255916674e-002 -1.2802941949949832e+002
    -1.7904327154431360e+002 6.6315744680440889e+002
    7.2389393587975914e-002 4.8156144104655013e-001
    1.6656288161738086e-002 7.2765630619963545e+001
    -1.7147026709298081e+002 5.1792118384903279e+002
    4.0232961546475640e-002 5.4343286502211996e-001
    1.3203391348624643e-002 8.1551213916927622e+001
    -1.4958157270657307e+002 5.3164167638591300e+002
    5.8557728559951427e-001 5.0162743859732983e-001
    -2.3774348410062471e-002 3.4978725087091533e+001
    4.8338590450824075e+000 5.7017498444727983e+002
    1.9007636166508463e-001 3.8776509163017436e-001
    6.3854716738428585e-001 -1.0718143329140169e+002
    -1.2549783883193764e+002 5.4268737268570999e+002
    1.0000141761991627e-001 3.1506941510533326e-001
    3.5036602216574264e-001 -3.7246382503400685e+002
    -1.2202421380264511e+002 5.6045897259121568e+002
    -6.1687773829784354e-002 8.8991999295001026e-002
    1.1330316293484534e-001 -2.3237122519140075e+002
    3.9866590555230218e+001 4.9802289587717496e+002
    -1.5674915332547634e-001 3.2179789468545755e-001
    1.3392946302622741e-001 4.8382160525830436e+001
    -3.0732583964218647e+000 4.6823786725629100e+002
    -2.5269568797668202e-001 -2.5817056349175138e-001
    -6.6642926015495541e-002 -3.5328073795194081e+002
    4.2598790324116699e+001 4.4442419643570486e+002
    -1.1039073529770602e-002 6.2937408822693841e-001
    6.3588215693249368e-003 -1.8027255287790223e+002
    -1.1214871367328212e+002 6.3307994716881376e+002</data></Extrinsic_Parameters>
<Image_points type_id="opencv-matrix">
  <rows>10</rows>
  <cols>54</cols>
  <dt>"2f"</dt>
  <data>
    5.13549133e+002 1.35693481e+002 5.40968079e+002 1.34744217e+002
    5.69340759e+002 1.34240051e+002 5.98448975e+002 1.33753662e+002
    6.28317627e+002 1.33577713e+002 6.58530640e+002 1.33598633e+002
    6.89384766e+002 1.33821823e+002 7.20276611e+002 1.34023987e+002
    7.52095825e+002 1.34167618e+002 5.12081543e+002 1.65196579e+002
    5.39281250e+002 1.64409195e+002 5.67548035e+002 1.63988922e+002
    5.96758423e+002 1.63897125e+002 6.26486877e+002 1.63807205e+002
    6.56989868e+002 1.64129486e+002 6.87651611e+002 1.64310333e+002
    7.18780151e+002 1.64477982e+002 7.50382385e+002 1.64831635e+002
    5.10137329e+002 1.94457703e+002 5.37396973e+002 1.94067001e+002
    5.65924805e+002 1.94002335e+002 5.95052917e+002 1.93992599e+002
    6.24932922e+002 1.94245911e+002 6.55224487e+002 1.94495499e+002
    6.86138062e+002 1.94817276e+002 7.17236938e+002 1.95265823e+002
    7.49141418e+002 1.96101303e+002 5.08118622e+002 2.23627167e+002
    5.35765076e+002 2.23652740e+002 5.64162842e+002 2.23709671e+002
    5.93232117e+002 2.24120804e+002 6.23158691e+002 2.24493652e+002
    6.53595093e+002 2.25036392e+002 6.84344543e+002 2.25498932e+002
    7.15661316e+002 2.26201233e+002 7.47495422e+002 2.27152832e+002
    5.06352814e+002 2.53359314e+002 5.34143005e+002 2.53644913e+002
    5.62559509e+002 2.54140411e+002 5.91398865e+002 2.54466736e+002
    6.21415283e+002 2.55194382e+002 6.51842834e+002 2.55764679e+002
    6.82724426e+002 2.56487396e+002 7.14027771e+002 2.57426208e+002
    7.46107361e+002 2.58539581e+002 5.03833527e+002 2.82930817e+002
    5.32193787e+002 2.83679504e+002 5.60533691e+002 2.84320587e+002
    5.89724243e+002 2.85084412e+002 6.19673706e+002 2.86034515e+002
    6.50240906e+002 2.86869385e+002 6.81015686e+002 2.87770386e+002
    7.12516357e+002 2.88916656e+002 7.44466675e+002 2.90136627e+002
    7.85690796e+002 8.30442963e+001 8.22649414e+002 7.79283447e+001
    8.61567322e+002 7.32672882e+001 9.02379639e+002 6.84193344e+001
    9.45578735e+002 6.36589584e+001 9.90110474e+002 5.89437790e+001
    1.03713672e+003 5.42679596e+001 1.08483691e+003 4.93994141e+001
    1.13566125e+003 4.45133209e+001 7.85445435e+002 1.22063385e+002
    8.22214905e+002 1.18083534e+002 8.60794800e+002 1.13874443e+002
    9.01924988e+002 1.10140312e+002 9.44517090e+002 1.06027939e+002
    9.89558899e+002 1.02194214e+002 1.03573499e+003 9.80644150e+001
    1.08449072e+003 9.39578323e+001 1.13434412e+003 8.98671722e+001
    7.85078369e+002 1.60868866e+002 8.21606934e+002 1.57499359e+002
    8.60298462e+002 1.54439697e+002 9.00963501e+002 1.51360641e+002
    9.43985596e+002 1.48342819e+002 9.88415894e+002 1.45020065e+002
    1.03510278e+003 1.41665833e+002 1.08313098e+003 1.38489227e+002
    1.13384460e+003 1.35416763e+002 7.84313110e+002 1.99165222e+002
    8.21316467e+002 1.96959518e+002 8.59721069e+002 1.94513840e+002
    9.00416077e+002 1.92325165e+002 9.42967896e+002 1.90047165e+002
    9.87657593e+002 1.87605560e+002 1.03386597e+003 1.85233353e+002
    1.08250269e+003 1.82749130e+002 1.13249475e+003 1.80732910e+002
    7.84024048e+002 2.37861252e+002 8.20700256e+002 2.36368484e+002
    8.59441101e+002 2.34914703e+002 8.99514038e+002 2.33510330e+002
    9.42272217e+002 2.32109528e+002 9.86614746e+002 2.30370316e+002
    1.03309656e+003 2.28952118e+002 1.08117859e+003 2.27506439e+002
    1.13176563e+003 2.26177002e+002 7.82580811e+002 2.76335968e+002
    8.20222839e+002 2.75833252e+002 8.58643616e+002 2.75089447e+002
    8.99164063e+002 2.74566742e+002 9.41437866e+002 2.73988861e+002
    9.86011658e+002 2.73303436e+002 1.03197693e+003 2.72564301e+002
    1.08046863e+003 2.72046906e+002 1.13066138e+003 2.71484467e+002
    7.96282227e+002 1.23059044e+002 8.31697998e+002 1.18205765e+002
    8.69377747e+002 1.13368393e+002 9.09007874e+002 1.08547913e+002
    9.50983643e+002 1.03642471e+002 9.94791870e+002 9.86769104e+001
    1.04083875e+003 9.37312088e+001 1.08854236e+003 8.86344757e+001
    1.13865649e+003 8.35131454e+001 7.96204285e+002 1.60961395e+002
    8.31388672e+002 1.57101044e+002 8.68833496e+002 1.52946411e+002
    9.08494324e+002 1.49226746e+002 9.50298950e+002 1.45130737e+002
    9.94263855e+002 1.41131500e+002 1.04010168e+003 1.36857224e+002
    1.08812256e+003 1.32698975e+002 1.13808691e+003 1.28505371e+002
    7.95629883e+002 1.98824600e+002 8.30980652e+002 1.95679825e+002
    8.68452698e+002 1.92700821e+002 9.08011169e+002 1.89671799e+002
    9.49753601e+002 1.86594467e+002 9.93566406e+002 1.83377014e+002
    1.03951050e+003 1.80037888e+002 1.08745068e+003 1.76671524e+002
    1.13773547e+003 1.73608536e+002 7.95083252e+002 2.36499359e+002
    8.30655640e+002 2.34399231e+002 8.68038940e+002 2.32082855e+002
    9.07493286e+002 2.29941849e+002 9.49297363e+002 2.27641418e+002
